False	15	167.953125	2311.25
False	15	170.015625	2327.0
False	15	172.109375	2356.0
False	15	174.140625	2373.75
False	15	176.21875	2397.25
False	15	178.265625	2429.5
False	15	180.15625	2460.25
False	15	182.171875	2505.75
False	15	184.21875	2559.25
False	0	193.671875	0.0
False	13	188.0	5234.5
False	14	190.0625	5018.25
False	14	192.140625	4767.5
False	15	194.171875	4590.25
False	15	196.234375	4282.5
False	15	198.453125	2998.0
False	15	200.515625	2774.25
False	15	202.6875	2564.0
False	15	204.78125	2374.25
False	15	206.734375	2848.25
False	15	208.828125	2679.5
False	15	210.921875	2589.25
False	15	212.96875	2525.75
False	15	215.0625	2464.0
False	15	217.109375	2404.0
False	15	219.1875	2343.25
False	15	221.203125	2401.0
False	15	223.203125	2582.25
False	15	225.25	2784.75
False	15	227.1875	2817.0
False	15	229.234375	2773.5
False	15	231.25	2745.25
False	15	233.296875	2714.0
False	15	235.359375	2698.75
False	15	237.4375	2675.0
False	15	239.4375	2650.25
False	15	241.484375	2642.25
False	15	243.546875	2643.25
False	15	245.78125	1991.25
False	15	247.8125	2033.25
False	15	249.8125	2089.5
False	15	251.828125	2187.25
False	15	253.734375	2644.25
False	15	255.8125	2652.75
False	15	257.796875	2660.0
False	15	259.84375	2700.5
False	15	261.9375	2553.75
False	15	263.953125	2544.0
False	15	266.0625	2381.0
False	15	268.21875	2019.75
False	15	270.296875	1926.25
False	15	272.40625	1765.0
False	15	274.515625	1627.75
False	15	276.796875	1512.75
False	15	278.9375	1413.0
False	15	281.03125	1326.75
False	15	283.109375	1250.5
False	15	285.296875	1185.75
False	15	287.40625	1128.75
False	15	289.453125	1078.5
False	15	291.578125	1030.5
False	15	293.78125	987.75
False	15	295.859375	950.5
False	15	297.984375	919.25
False	15	299.765625	890.25
False	15	301.953125	861.0
False	15	303.96875	835.25
False	15	306.078125	814.25
False	15	308.15625	796.75
False	15	310.171875	779.0
False	15	312.359375	764.5
False	15	314.453125	749.25
False	15	316.421875	736.0
False	15	318.578125	708.5
False	15	320.65625	715.0
False	15	322.671875	707.25
False	15	325.0	699.75
False	15	327.015625	692.75
False	15	329.046875	688.5
False	15	331.125	683.75
False	15	333.234375	680.5
False	15	335.234375	678.75
False	15	337.3125	678.0
False	15	339.296875	677.25
False	15	341.375	680.0
False	15	343.546875	679.75
False	15	345.515625	683.75
False	15	347.484375	688.0
False	15	349.53125	693.0
True	15	351.484375	699.0
False	15	353.59375	705.5
False	15	355.625	713.0
False	15	357.5625	725.0
False	15	359.5625	733.25
False	15	1.625	746.75
False	15	3.65625	759.0
False	15	5.6875	775.75
False	15	7.6875	791.75
False	15	9.5625	810.75
False	15	11.59375	830.75
False	15	13.5625	854.25
False	15	15.546875	879.75
False	15	17.640625	908.0
False	15	19.609375	935.25
False	15	21.5625	971.0
False	15	23.609375	1007.5
False	15	25.5	1050.0
False	15	27.5	1093.75
False	15	29.546875	1144.75
False	15	31.453125	1206.5
False	15	33.46875	1274.75
False	15	35.578125	1350.25
False	15	37.609375	1435.25
False	15	39.578125	1533.0
False	15	41.546875	1631.5
False	10	43.640625	1554.0
False	15	45.765625	1546.75
False	15	47.5	2130.0
False	15	49.578125	2132.75
False	15	51.609375	2177.0
False	13	53.59375	2436.5
False	15	55.609375	2656.75
False	15	57.6875	2696.5
False	15	59.484375	2693.25
False	15	61.515625	2675.75
False	15	63.5625	2708.25
False	15	65.59375	2654.0
False	15	67.640625	2662.0
False	15	69.671875	2710.0
False	15	71.703125	2685.5
False	15	73.71875	2789.5
False	15	75.734375	2807.5
False	12	77.8125	2778.25
False	15	79.8125	2806.25
False	15	81.84375	2811.75
False	15	84.15625	2808.75
False	15	86.21875	2780.75
False	15	88.296875	2812.75
False	15	90.296875	2962.5
False	12	92.390625	2933.25
False	15	94.4375	2955.75
False	14	96.5	3020.0
False	13	98.5	3135.0
False	11	100.5625	3167.25
False	15	102.640625	3218.0
False	15	104.671875	3300.75
False	15	106.609375	3443.0
False	15	108.640625	3512.25
False	15	110.703125	3386.75
False	15	112.75	3261.0
False	15	114.8125	3133.5
False	15	116.890625	3036.75
False	15	118.9375	2946.5
False	15	121.03125	2868.0
False	15	123.078125	2786.0
False	15	125.109375	2714.0
False	15	127.1875	2647.0
False	15	129.25	2597.5
False	15	131.296875	2554.25
False	15	133.328125	2500.5
False	15	135.375	2459.5
False	15	137.453125	2412.0
False	15	139.515625	2369.25
False	15	141.53125	2355.25
False	15	143.59375	2329.0
False	15	145.65625	2305.75
False	15	147.703125	2309.0
False	15	149.765625	2285.75
False	15	151.78125	2284.25
False	15	153.8125	2278.75
False	15	156.09375	2277.0
False	15	158.140625	2276.25
False	15	160.1875	2278.75
False	15	162.265625	2285.5
False	15	164.34375	2288.25
False	15	166.375	2293.25
False	15	168.453125	2314.0
False	15	170.515625	2326.0
False	15	172.546875	2359.5
False	15	174.625	2381.5
False	15	176.640625	2401.0
False	15	178.703125	2444.25
False	15	180.609375	2475.75
False	15	182.625	2516.0
False	15	184.6875	2556.25
False	0	194.140625	0.0
False	13	188.46875	5206.25
False	14	190.546875	4961.0
False	14	192.609375	4663.5
False	15	194.671875	4484.25
False	15	196.71875	4229.75
False	15	198.9375	2967.0
False	15	201.03125	2715.0
False	15	203.203125	2505.25
False	15	205.3125	2326.5
False	15	207.25	2805.0
False	15	209.34375	2659.25
False	15	211.421875	2579.5
False	15	213.484375	2506.75
False	15	215.53125	2431.5
False	15	217.609375	2375.0
False	15	219.6875	2313.25
False	15	221.703125	2449.25
False	15	223.71875	2643.75
False	15	225.75	2825.5
False	15	227.671875	2808.75
False	15	229.71875	2769.0
False	15	231.78125	2732.0
False	15	233.859375	2711.0
False	15	235.890625	2696.5
False	15	237.953125	2672.25
False	15	239.984375	2651.75
False	15	242.03125	2641.5
False	15	244.078125	2622.5
False	15	246.28125	1984.0
False	15	248.28125	2052.25
False	15	250.359375	2121.75
False	15	252.265625	2617.75
False	15	254.3125	2628.25
False	15	256.359375	2652.75
False	15	258.390625	2668.5
False	15	260.390625	2689.5
False	15	262.5	2530.5
False	15	264.546875	2549.25
False	0	274.0	0.0
False	15	268.765625	2009.75
False	15	270.84375	1875.25
False	15	272.953125	1715.0
False	15	275.25	1594.5
False	15	277.375	1480.75
False	15	279.546875	1381.25
False	15	281.609375	1302.75
False	15	283.75	1228.0
False	15	285.859375	1169.0
False	15	288.0	1111.75
False	15	290.171875	1060.0
False	15	292.234375	1017.5
False	15	294.390625	976.0
False	15	296.46875	941.75
False	15	298.53125	910.5
False	15	300.453125	879.25
False	15	302.5625	852.5
False	15	304.703125	827.5
False	15	306.796875	808.5
False	15	308.78125	790.0
False	15	310.921875	775.0
False	15	313.03125	758.75
False	15	315.125	745.5
False	15	317.109375	728.0
False	15	319.234375	720.0
False	15	321.375	712.5
False	15	323.3125	704.25
False	15	325.71875	697.0
False	15	327.640625	692.5
False	15	329.90625	687.25
False	15	331.90625	683.0
False	15	334.015625	680.0
False	15	335.953125	678.75
False	15	338.109375	677.0
False	15	340.140625	676.75
False	15	342.15625	680.0
False	15	344.140625	681.5
False	15	346.3125	685.75
False	15	348.25	688.75
False	15	350.21875	694.25
True	15	352.34375	701.0
False	15	354.234375	709.0
False	15	356.28125	716.75
False	15	358.25	727.25
False	15	0.4375	737.75
False	15	2.453125	750.5
False	15	4.453125	765.0
False	15	6.328125	781.75
False	15	8.421875	798.0
False	15	10.4375	818.5
False	15	12.453125	838.5
False	15	14.34375	863.25
False	15	16.3125	888.0
False	15	18.390625	915.75
False	15	20.359375	947.5
False	15	22.390625	984.5
False	15	24.3125	1023.75
False	15	26.328125	1066.5
False	15	28.3125	1112.0
False	15	30.328125	1169.75
False	15	32.296875	1231.0
False	15	34.234375	1302.0
False	15	36.359375	1377.0
False	15	38.34375	1467.5
False	15	40.328125	1580.0
False	9	42.421875	1577.75
False	15	44.484375	1503.25
False	15	46.3125	2033.0
False	15	48.296875	2131.75
False	15	50.40625	2125.25
False	15	52.4375	2173.25
False	15	54.359375	2584.25
False	15	56.40625	2660.5
False	15	58.4375	2760.25
False	15	60.265625	2667.0
False	15	62.296875	2750.25
False	15	64.3125	2709.5
False	15	66.34375	2690.0
False	15	68.390625	2679.5
False	15	70.421875	2702.25
False	15	72.453125	2764.25
False	15	74.5	2742.75
False	15	76.5	2820.75
False	15	78.5625	2755.0
False	15	80.578125	2737.25
False	15	82.90625	2732.5
False	15	84.921875	2767.75
False	15	86.984375	2767.75
False	14	89.03125	2825.5
False	15	91.046875	2940.0
False	15	93.125	2930.0
False	13	95.15625	3036.75
False	0	104.71875	0.0
False	15	99.234375	3168.75
False	15	101.3125	3152.0
False	15	103.359375	3194.75
False	15	105.40625	3301.5
False	15	107.296875	3586.25
False	15	109.34375	3459.25
False	15	111.421875	3331.5
False	15	113.46875	3207.25
False	15	115.53125	3096.75
False	15	117.59375	3004.25
False	15	119.640625	2905.5
False	15	121.703125	2822.0
False	15	123.78125	2748.0
False	15	125.84375	2682.75
False	15	127.890625	2627.25
False	15	129.9375	2577.0
False	15	131.984375	2523.25
False	15	134.0625	2482.75
False	15	136.109375	2445.5
False	15	138.15625	2405.25
False	15	140.1875	2365.5
False	15	142.21875	2351.0
False	15	144.296875	2319.75
False	15	146.359375	2294.25
False	15	148.375	2306.25
False	15	150.4375	2286.25
False	15	152.453125	2284.75
False	15	154.765625	2277.75
False	15	156.78125	2275.5
False	15	158.84375	2273.5
False	15	160.9375	2279.75
False	15	162.984375	2285.0
False	15	165.03125	2296.0
False	15	167.0625	2310.0
False	15	169.125	2320.75
False	15	171.1875	2349.75
False	15	173.265625	2365.0
False	15	175.296875	2391.25
False	15	177.375	2423.25
False	15	179.28125	2454.25
False	15	181.3125	2499.0
False	15	183.34375	2530.5
False	15	185.359375	2570.5
False	14	187.140625	5131.0
False	12	189.1875	5086.5
False	14	191.25	4836.25
False	14	193.34375	4583.75
False	15	195.390625	4377.5
False	15	197.453125	4167.75
False	15	199.640625	2858.75
False	15	201.765625	2602.75
False	15	203.9375	2412.0
False	13	206.015625	2336.5
False	15	207.984375	2775.25
False	15	210.046875	2610.0
False	15	212.125	2538.0
False	15	214.1875	2477.75
False	15	216.265625	2418.75
False	15	218.328125	2351.0
False	15	220.375	2362.5
False	15	222.40625	2523.25
False	15	224.40625	2733.75
False	15	226.453125	2819.5
False	15	228.390625	2786.0
False	15	230.46875	2748.5
False	15	232.5	2724.0
False	15	234.5625	2706.5
False	15	236.609375	2675.0
False	15	238.65625	2656.0
False	15	240.71875	2641.5
False	15	242.75	2641.0
False	15	244.9375	2019.25
False	15	247.0	1998.5
False	15	249.046875	2060.25
False	15	251.03125	2156.25
False	15	252.96875	2640.5
False	15	255.015625	2645.25
False	15	257.015625	2656.75
False	15	259.0625	2690.0
False	0	268.5625	0.0
False	15	263.171875	2544.0
False	15	265.375	2033.25
False	15	267.375	2177.0
False	15	269.484375	1957.25
False	15	271.59375	1775.75
False	15	273.734375	1666.25
False	15	276.0	1539.25
False	15	278.09375	1435.75
False	15	280.296875	1347.0
False	15	282.359375	1269.0
False	15	284.53125	1200.5
False	15	286.671875	1143.0
False	15	288.78125	1086.75
False	15	290.84375	1040.75
False	15	293.0	998.5
False	15	295.109375	959.75
False	15	297.265625	926.0
False	15	299.3125	895.5
False	15	301.171875	866.25
False	15	303.359375	841.25
False	15	305.40625	819.5
False	15	307.453125	800.0
False	15	309.640625	783.25
False	15	311.625	766.5
False	15	313.703125	751.75
False	15	315.78125	738.0
False	15	317.921875	705.0
False	15	320.0	716.75
False	15	322.0625	707.75
False	15	324.328125	701.5
False	15	326.390625	694.5
False	15	328.40625	688.25
False	15	330.4375	684.25
False	15	332.53125	681.5
False	15	334.703125	679.25
False	15	336.65625	677.0
False	15	338.6875	677.25
False	15	340.8125	678.25
False	15	342.796875	679.0
False	15	344.859375	682.25
False	15	346.890625	686.0
False	15	348.828125	691.0
False	15	350.96875	697.25
True	15	352.9375	704.25
False	15	354.9375	712.0
False	15	357.0	721.0
False	15	359.078125	731.75
False	15	1.109375	743.25
False	15	3.046875	757.5
False	15	5.03125	771.75
False	15	7.03125	788.25
False	15	9.015625	806.5
False	15	11.15625	826.5
False	15	13.140625	847.5
False	15	15.03125	874.25
False	15	17.078125	899.75
False	15	19.109375	930.25
False	15	21.03125	963.25
False	15	23.03125	999.25
False	15	25.0625	1041.5
False	15	27.03125	1086.75
False	15	29.0	1134.0
False	15	30.96875	1194.75
False	15	32.984375	1262.0
False	15	35.125	1330.5
False	15	37.078125	1417.5
False	15	39.078125	1514.5
False	15	41.09375	1622.75
False	9	43.15625	1550.75
False	15	45.28125	1502.75
False	15	47.046875	2094.25
False	15	49.109375	2137.25
False	15	51.15625	2133.75
False	15	53.203125	2204.5
False	15	55.15625	2644.25
False	15	57.1875	2700.0
False	15	59.015625	2753.25
False	15	61.0625	2671.25
False	15	63.09375	2714.5
False	15	65.15625	2627.25
False	15	67.203125	2665.75
False	15	69.203125	2708.25
False	15	71.265625	2706.0
False	14	73.28125	2793.0
False	14	75.3125	2758.5
False	13	77.328125	2795.0
False	14	79.359375	2799.75
False	15	81.421875	2819.0
False	15	83.734375	2766.0
False	15	85.765625	2804.5
False	15	87.84375	2795.0
False	15	89.875	2943.25
False	15	91.9375	2976.5
False	10	94.015625	2955.0
False	11	96.03125	3011.25
False	12	98.109375	3107.5
False	15	100.140625	3163.5
False	15	102.21875	3173.25
False	15	104.25	3288.5
False	15	106.328125	3432.25
False	15	108.25	3553.5
False	15	110.296875	3402.5
False	15	112.34375	3284.5
False	15	114.4375	3149.75
False	15	116.5	3050.75
False	15	118.5625	2957.0
False	15	120.625	2878.75
False	15	122.6875	2797.25
False	15	124.75	2725.75
False	15	126.8125	2667.5
False	15	128.875	2603.75
False	15	130.921875	2559.25
False	15	132.9375	2508.25
False	15	135.015625	2468.75
False	15	137.078125	2420.0
False	15	139.125	2372.0
False	15	141.203125	2354.25
False	15	143.21875	2332.0
False	15	145.296875	2310.25
False	15	147.34375	2310.25
False	15	149.390625	2288.25
False	15	151.421875	2281.5
False	15	153.46875	2278.75
False	15	155.75	2277.75
False	15	157.796875	2275.0
False	15	159.828125	2276.75
False	15	161.890625	2284.75
False	15	163.984375	2290.25
False	15	166.0625	2295.5
False	15	168.09375	2312.75
False	15	170.125	2328.25
False	15	172.203125	2357.75
False	15	174.265625	2372.0
False	15	176.3125	2400.5
False	15	178.390625	2434.5
False	15	180.234375	2473.0
False	15	182.265625	2516.5
False	15	184.34375	2554.75
False	0	193.796875	0.0
False	13	188.125	5204.25
False	14	190.203125	4988.5
False	14	192.25	4712.5
False	15	194.3125	4507.0
False	15	196.390625	4272.75
False	15	198.59375	2971.0
False	15	200.6875	2748.5
False	15	202.84375	2522.75
False	15	204.90625	2341.25
False	14	206.890625	2850.0
False	15	208.984375	2665.25
False	15	211.03125	2587.25
False	15	213.09375	2517.5
False	15	215.1875	2454.75
False	15	217.234375	2389.0
False	15	219.3125	2324.0
False	15	221.328125	2428.75
False	15	223.34375	2614.75
False	15	225.375	2828.0
False	15	227.328125	2812.75
False	15	229.390625	2773.5
False	15	231.421875	2729.75
False	15	233.484375	2713.25
False	15	235.515625	2695.0
False	15	237.578125	2674.0
False	15	239.625	2647.5
False	15	241.65625	2642.25
False	15	243.734375	2637.25
False	15	245.921875	2004.75
False	15	247.953125	2039.5
False	15	250.015625	2080.25
False	15	252.0	2205.5
False	15	253.921875	2626.75
False	15	255.96875	2651.25
False	15	258.0	2664.25
False	15	260.03125	2701.0
False	15	262.140625	2553.75
False	15	264.1875	2557.75
False	15	266.265625	2298.5
False	15	268.40625	2005.0
False	15	270.5	1891.75
False	15	272.609375	1732.75
False	15	274.6875	1605.5
False	15	277.03125	1491.25
False	15	279.171875	1390.5
False	15	281.296875	1311.0
False	15	283.34375	1237.0
False	15	285.5	1174.5
False	15	287.609375	1118.25
False	15	289.765625	1066.75
False	15	291.859375	1021.5
False	15	294.03125	980.5
False	15	296.109375	944.5
False	15	298.203125	912.75
False	15	300.15625	883.25
False	15	302.140625	856.25
False	15	304.328125	830.25
False	15	306.328125	811.0
False	15	308.375	793.75
False	15	310.5	776.5
False	15	312.6875	760.25
False	15	314.625	746.75
False	15	316.6875	733.75
False	15	318.921875	717.25
False	15	320.9375	712.75
False	15	323.015625	705.25
False	15	325.265625	698.25
False	15	327.375	691.5
False	15	329.484375	687.0
False	15	331.5	684.0
False	15	333.609375	680.0
False	15	335.578125	679.25
False	15	337.6875	678.0
False	15	339.78125	678.0
False	15	341.84375	679.0
False	15	343.90625	681.75
False	15	345.921875	685.25
False	15	347.859375	688.25
False	15	349.8125	694.5
True	15	351.9375	700.25
False	15	353.890625	707.75
False	15	355.984375	715.75
False	15	357.90625	726.5
False	15	359.875	736.5
False	15	2.046875	748.5
False	15	4.046875	762.25
False	15	5.921875	779.75
False	15	8.015625	795.5
False	15	10.015625	816.25
False	15	12.0	835.75
False	15	13.921875	858.5
False	15	15.984375	884.0
False	15	17.953125	913.0
False	15	19.984375	943.0
False	15	21.96875	978.0
False	15	24.0	1015.75
False	15	25.90625	1061.0
False	15	27.984375	1107.0
False	15	29.921875	1159.75
False	15	31.9375	1220.25
False	15	33.90625	1291.25
False	15	36.0	1367.75
False	15	38.015625	1458.0
False	15	40.015625	1560.5
False	15	42.078125	1557.75
False	0	51.1875	0.0
False	0	53.25	0.0
False	15	48.0	2133.0
False	15	50.078125	2128.75
False	15	52.09375	2170.0
False	10	54.046875	2516.5
False	15	56.078125	2646.0
False	15	58.125	2716.75
False	15	59.96875	2667.0
False	15	62.0	2764.75
False	15	64.046875	2707.75
False	15	66.0625	2690.0
False	15	68.140625	2662.5
False	15	70.140625	2707.75
False	15	72.1875	2705.0
False	12	74.21875	2755.0
False	15	76.234375	2822.0
False	15	78.28125	2752.75
False	15	80.34375	2749.75
False	15	82.671875	2728.5
False	15	84.703125	2752.0
False	15	86.734375	2776.0
False	15	88.796875	2812.25
False	13	90.84375	2940.5
False	15	92.890625	2934.75
False	14	94.96875	2981.75
False	12	96.984375	3115.75
False	9	99.0625	3176.25
False	15	101.109375	3169.5
False	15	103.15625	3179.5
False	15	105.21875	3295.75
False	15	107.109375	3550.75
False	15	109.171875	3482.0
False	15	111.234375	3341.5
False	15	113.3125	3216.5
False	15	115.375	3112.75
False	15	117.421875	3022.25
False	15	119.5	2936.0
False	15	121.59375	2832.75
False	15	123.640625	2753.75
False	15	125.703125	2685.5
False	15	127.734375	2634.25
False	15	129.796875	2593.5
False	15	131.84375	2534.5
False	15	133.890625	2495.75
False	15	135.921875	2450.75
False	15	137.984375	2395.25
False	15	140.046875	2365.5
False	15	142.109375	2353.5
False	15	144.15625	2322.75
False	15	146.234375	2298.75
False	15	148.28125	2306.5
False	15	150.3125	2288.25
False	15	152.328125	2284.75
False	15	154.40625	2278.25
False	15	156.671875	2271.75
False	15	158.703125	2277.5
False	15	160.78125	2278.25
False	15	162.84375	2285.5
False	15	164.921875	2291.0
False	15	166.96875	2295.25
False	15	169.03125	2317.75
False	15	171.0625	2338.75
False	15	173.140625	2362.5
False	15	175.203125	2390.25
False	15	177.25	2416.5
False	15	179.15625	2451.0
False	15	181.1875	2483.75
False	15	183.21875	2528.5
False	15	185.234375	2563.5
False	14	187.015625	5160.5
False	12	189.078125	5134.75
False	14	191.125	4894.25
False	15	193.1875	4623.25
False	15	195.25	4397.5
False	15	197.3125	4184.75
False	15	199.515625	2891.5
False	15	201.625	2636.25
False	15	203.78125	2451.5
False	15	205.859375	2334.0
False	15	207.8125	2781.75
False	15	209.90625	2627.75
False	15	211.953125	2546.5
False	15	214.046875	2480.5
False	15	216.109375	2420.5
False	15	218.171875	2366.75
False	15	220.203125	2345.5
False	15	222.25	2500.0
False	15	224.25	2704.5
False	15	226.28125	2830.5
False	15	228.234375	2794.25
False	15	230.25	2763.75
False	15	232.359375	2722.25
False	15	234.375	2703.25
False	15	236.40625	2681.25
False	15	238.484375	2655.0
False	15	240.515625	2646.5
False	15	242.578125	2644.25
False	15	244.59375	2642.25
False	15	246.8125	1990.75
False	15	248.875	2054.0
False	15	250.828125	2147.75
False	15	252.78125	2640.0
False	15	254.8125	2640.0
False	15	256.875	2655.5
False	15	258.90625	2671.75
False	0	268.375	0.0
False	15	263.015625	2558.25
False	15	265.203125	2017.25
False	15	267.171875	2206.0
False	15	269.296875	1991.25
False	15	271.421875	1823.0
False	15	273.53125	1678.25
False	15	275.828125	1553.25
False	15	277.90625	1447.0
False	15	280.03125	1356.0
False	15	282.15625	1282.25
False	15	284.328125	1210.75
False	15	286.453125	1149.5
False	15	288.515625	1095.75
False	15	290.65625	1048.75
False	15	292.78125	1005.5
False	15	294.875	961.25
False	15	296.9375	929.25
False	15	299.0625	901.5
False	15	301.03125	869.25
False	15	303.0	843.75
False	15	305.1875	821.25
False	15	307.3125	802.75
False	15	309.375	785.0
False	15	311.40625	769.75
False	15	313.46875	755.0
False	15	315.484375	740.25
False	15	317.734375	704.75
False	15	319.625	717.5
False	15	321.671875	709.75
False	15	323.828125	703.0
False	15	326.1875	695.5
False	15	328.25	690.75
False	15	330.328125	685.0
False	15	332.296875	681.5
False	15	334.359375	679.5
False	15	336.453125	677.25
False	15	338.5	677.5
False	15	340.59375	678.25
False	15	342.625	679.0
False	15	344.609375	682.25
False	15	346.8125	686.0
False	15	348.578125	690.0
False	15	350.703125	697.0
True	15	352.625	704.25
False	15	354.65625	711.25
False	15	356.765625	720.5
False	15	358.703125	730.5
False	15	0.859375	742.0
False	15	2.84375	755.5
False	15	4.84375	769.0
False	15	6.796875	785.75
False	15	8.921875	803.75
False	15	10.78125	824.5
False	15	12.828125	845.5
False	15	14.859375	868.5
False	15	16.875	897.25
False	15	18.84375	925.75
False	15	20.765625	958.0
False	15	22.765625	993.75
False	15	24.765625	1035.5
False	15	26.765625	1079.5
False	15	28.71875	1131.75
False	15	30.765625	1188.0
False	15	32.71875	1250.75
False	15	34.703125	1324.25
False	15	36.8125	1404.25
False	15	38.84375	1501.0
False	15	40.8125	1612.5
False	15	42.859375	1716.5
False	15	45.015625	1505.75
False	15	46.796875	2075.75
False	15	48.859375	2137.25
False	15	50.890625	2128.25
False	15	52.96875	2191.75
False	15	54.875	2649.75
False	15	56.96875	2671.25
False	15	58.78125	2783.5
False	15	60.8125	2667.0
False	15	62.859375	2720.0
False	15	64.890625	2624.25
False	15	66.921875	2676.75
False	15	68.96875	2707.75
False	15	70.984375	2675.75
False	15	73.03125	2787.75
False	15	75.09375	2748.5
False	15	77.078125	2807.5
False	15	79.15625	2781.75
False	15	81.203125	2759.5
False	15	83.484375	2749.75
False	15	85.53125	2793.75
False	15	87.59375	2790.75
False	15	89.640625	2935.25
False	15	91.671875	2950.5
False	10	93.765625	2959.0
False	11	95.796875	3020.75
False	14	97.828125	3118.0
False	15	99.921875	3142.25
False	15	101.953125	3171.75
False	15	104.0	3297.5
False	15	106.0625	3428.75
False	15	107.96875	3549.75
False	15	110.03125	3413.75
False	15	112.09375	3291.0
False	15	114.15625	3165.0
False	15	116.21875	3062.25
False	15	118.265625	2970.5
False	15	120.34375	2879.5
False	15	122.40625	2804.5
False	15	124.484375	2736.0
False	15	126.546875	2669.0
False	15	128.578125	2607.5
False	15	130.640625	2559.75
False	15	132.6875	2511.5
False	15	134.71875	2474.0
False	15	136.796875	2440.0
False	15	138.84375	2385.0
False	15	140.890625	2358.25
False	15	142.953125	2339.5
False	15	145.0	2312.0
False	15	147.03125	2310.0
False	15	149.09375	2303.0
False	15	151.125	2284.75
False	15	153.21875	2277.75
False	15	155.453125	2277.0
False	15	157.53125	2271.0
False	15	159.546875	2278.75
False	15	161.640625	2282.25
False	15	163.703125	2286.25
False	15	165.765625	2298.0
False	15	167.828125	2310.25
False	15	169.890625	2326.0
False	15	171.9375	2356.0
False	15	174.015625	2372.75
False	15	176.03125	2398.75
False	15	178.109375	2430.5
False	15	179.96875	2463.25
False	15	182.0	2508.25
False	15	184.03125	2563.0
False	0	193.53125	0.0
False	13	187.875	5238.5
False	13	189.9375	5031.25
False	14	191.984375	4759.25
False	15	194.0625	4563.5
False	15	196.109375	4285.25
False	15	198.296875	2979.25
False	15	200.390625	2766.0
False	15	202.59375	2557.75
False	15	204.65625	2364.25
False	15	206.609375	2853.25
False	15	208.703125	2676.75
False	15	210.78125	2588.75
False	15	212.84375	2523.25
False	15	214.921875	2462.75
False	15	217.0	2405.75
False	15	219.078125	2350.0
False	15	221.109375	2403.5
False	15	223.09375	2594.5
False	15	225.109375	2804.5
False	15	227.09375	2817.0
False	15	229.125	2774.75
False	15	231.15625	2733.25
False	15	233.203125	2714.0
False	15	235.265625	2697.75
False	15	237.296875	2676.25
False	15	239.375	2654.5
False	15	241.40625	2646.5
False	15	243.453125	2639.0
False	15	245.6875	1996.0
False	15	247.6875	2032.75
False	15	249.75	2073.25
False	15	251.734375	2184.0
False	15	253.65625	2647.0
False	15	255.71875	2649.0
False	15	257.75	2667.5
False	15	259.796875	2706.0
False	15	261.859375	2540.5
False	15	263.890625	2565.0
False	15	266.015625	2353.0
False	15	268.140625	2006.0
False	15	270.234375	1914.75
False	15	272.328125	1759.25
False	15	274.40625	1622.5
False	15	276.71875	1504.0
False	15	278.90625	1405.0
False	15	281.0	1327.5
False	15	283.140625	1244.75
False	15	285.21875	1181.25
False	15	287.359375	1123.75
False	15	289.453125	1074.0
False	15	291.59375	1024.75
False	15	293.75	985.25
False	15	295.84375	947.75
False	15	297.953125	915.5
False	15	299.8125	887.5
False	15	301.984375	860.0
False	15	304.078125	832.75
False	15	306.109375	813.25
False	15	308.25	794.5
False	15	310.296875	777.75
False	15	312.421875	762.25
False	15	314.515625	747.75
False	15	316.453125	734.0
False	15	318.671875	711.5
False	15	320.71875	714.25
False	15	322.671875	705.75
False	15	325.0	699.0
False	15	327.0	693.25
False	15	329.15625	687.5
False	15	331.25	684.0
False	15	333.296875	681.25
False	15	335.421875	679.25
False	15	337.375	678.5
False	15	339.40625	678.25
False	15	341.453125	680.0
False	15	343.640625	680.25
False	15	345.71875	683.25
False	15	347.59375	688.25
False	15	349.484375	693.75
True	15	351.5625	699.5
False	15	353.65625	706.5
False	15	355.671875	715.0
False	15	357.75	724.5
False	15	359.640625	735.25
False	15	1.65625	748.25
False	15	3.796875	761.25
False	15	5.765625	777.25
False	15	7.765625	793.75
False	15	9.75	813.0
False	15	11.765625	833.75
False	15	13.734375	856.5
False	15	15.734375	881.25
False	15	17.640625	909.0
False	15	19.75	940.5
False	15	21.71875	973.25
False	15	23.671875	1011.5
False	15	25.71875	1054.25
False	15	27.703125	1102.25
False	15	29.6875	1154.0
False	15	31.578125	1216.5
False	15	33.609375	1282.75
False	15	35.703125	1359.0
False	15	37.703125	1445.5
False	15	39.6875	1545.75
False	15	41.765625	1586.25
False	0	50.875	0.0
False	15	45.84375	1551.5
False	15	47.640625	2136.0
False	15	49.734375	2133.75
False	15	51.78125	2144.75
False	0	61.140625	0.0
False	15	55.75	2646.5
False	15	57.796875	2698.25
False	15	59.625	2673.0
False	15	61.65625	2751.5
False	15	63.671875	2711.75
False	15	65.71875	2687.25
False	15	67.78125	2647.5
False	15	69.84375	2701.5
False	15	71.859375	2701.5
False	15	73.890625	2763.0
False	15	75.90625	2820.0
False	15	77.953125	2761.25
False	15	79.984375	2784.75
False	14	82.015625	2749.75
False	15	84.3125	2793.75
False	15	86.375	2772.5
False	15	88.421875	2810.5
False	15	90.4375	2962.5
False	14	92.5	2923.0
False	15	94.59375	2963.0
False	12	96.625	3075.0
False	13	98.65625	3168.0
False	14	100.71875	3188.5
False	15	102.78125	3187.0
False	15	104.8125	3294.25
False	15	106.75	3483.75
False	15	108.78125	3491.0
False	15	110.84375	3367.0
False	15	112.90625	3237.0
False	15	114.953125	3118.0
False	15	117.015625	3025.75
False	15	119.09375	2945.75
False	15	121.15625	2835.25
False	15	123.203125	2760.25
False	15	125.28125	2702.75
False	15	127.34375	2635.75
False	15	129.375	2582.25
False	15	131.421875	2539.5
False	15	133.515625	2497.5
False	15	135.5625	2453.75
False	15	137.59375	2408.0
False	15	139.65625	2375.0
False	15	141.71875	2351.75
False	15	143.734375	2327.0
False	15	145.8125	2301.25
False	15	147.859375	2305.75
False	15	149.890625	2290.0
False	15	151.953125	2283.0
False	15	153.984375	2279.5
False	15	156.28125	2265.0
False	15	158.328125	2279.0
False	15	160.359375	2278.75
False	15	162.4375	2283.5
False	15	164.515625	2289.5
False	15	166.53125	2305.5
False	15	168.609375	2314.5
False	15	170.65625	2330.75
False	15	172.734375	2360.75
False	15	174.8125	2379.25
False	15	176.84375	2416.5
False	15	178.734375	2447.5
False	15	180.796875	2480.0
False	15	182.828125	2522.25
False	15	184.890625	2559.75
False	15	186.625	5150.5
False	12	188.671875	5164.5
False	12	190.734375	4924.75
False	14	192.8125	4639.25
False	15	194.875	4407.75
False	15	196.953125	4193.75
False	15	199.140625	2919.75
False	15	201.234375	2657.75
False	15	203.421875	2466.5
False	15	205.53125	2329.75
False	15	207.453125	2787.25
False	15	209.5625	2642.75
False	15	211.625	2563.5
False	15	213.71875	2485.25
False	15	215.78125	2425.5
False	15	217.875	2369.25
False	15	219.90625	2330.75
False	15	221.9375	2480.0
False	15	223.953125	2684.5
False	15	225.96875	2826.25
False	15	227.90625	2795.0
False	15	229.96875	2767.75
False	15	232.015625	2723.0
False	15	234.09375	2706.0
False	15	236.109375	2681.25
False	15	238.203125	2669.0
False	15	240.21875	2650.75
False	15	242.296875	2626.25
False	15	244.328125	2639.0
False	15	246.53125	1986.5
False	15	248.578125	2051.5
False	15	250.578125	2138.5
False	15	252.515625	2642.75
False	15	254.5625	2639.5
False	15	256.609375	2656.0
False	15	258.640625	2658.25
False	11	260.671875	2679.0
False	15	262.78125	2558.75
False	15	264.828125	2520.75
False	15	266.953125	2236.0
False	15	269.0625	2011.0
False	15	271.15625	1835.0
False	15	273.28125	1697.25
False	15	275.59375	1566.5
False	15	277.703125	1458.5
False	15	279.859375	1362.75
False	15	281.984375	1289.0
False	15	284.109375	1219.0
False	15	286.21875	1158.25
False	15	288.359375	1099.25
False	15	290.390625	1049.75
False	15	292.515625	1009.0
False	15	294.71875	967.5
False	15	296.828125	932.75
False	15	298.84375	904.0
False	15	300.75	876.25
False	15	302.953125	849.0
False	15	305.046875	823.0
False	15	307.046875	805.0
False	15	309.078125	788.5
False	15	311.25	771.5
False	15	313.359375	756.5
False	15	315.453125	741.0
False	15	317.5	705.75
False	15	319.4375	718.0
False	15	321.5	710.5
False	15	323.671875	702.75
False	15	325.875	696.5
False	15	328.015625	689.75
False	15	330.078125	685.75
False	15	332.1875	682.5
False	15	334.1875	679.75
False	15	336.390625	677.5
False	15	338.3125	677.25
False	15	340.34375	677.5
False	15	342.5	680.0
False	15	344.421875	682.25
False	15	346.484375	686.25
False	15	348.4375	689.75
False	15	350.484375	696.0
True	15	352.59375	701.75
False	15	354.625	709.25
False	15	356.65625	719.25
False	15	358.53125	729.0
False	15	0.640625	739.5
False	15	2.578125	754.0
False	15	4.59375	768.5
False	15	6.625	785.0
False	15	8.75	802.75
False	15	10.703125	821.5
False	15	12.59375	844.75
False	15	14.640625	867.0
False	15	16.6875	892.5
False	15	18.640625	923.0
False	15	20.6875	955.25
False	15	22.703125	989.75
False	15	24.609375	1030.75
False	15	26.671875	1075.5
False	15	28.578125	1124.25
False	15	30.640625	1181.0
False	15	32.5625	1245.75
False	15	34.59375	1315.5
False	15	36.65625	1394.75
False	15	38.71875	1485.0
False	15	40.65625	1605.25
False	15	42.6875	1716.5
False	15	44.84375	1505.0
False	15	46.671875	2062.25
False	15	48.671875	2139.5
False	15	50.734375	2126.75
False	15	52.796875	2196.5
False	15	54.703125	2650.25
False	15	56.796875	2655.0
False	15	58.609375	2778.25
False	15	60.640625	2663.25
False	15	62.703125	2711.0
False	15	64.734375	2659.25
False	15	66.75	2685.0
False	15	68.796875	2702.75
False	15	70.828125	2666.5
False	15	72.84375	2786.0
False	15	74.875	2741.25
False	15	76.90625	2813.5
False	15	78.953125	2767.25
False	15	81.015625	2736.5
False	15	83.28125	2739.5
False	15	85.328125	2785.5
False	15	87.40625	2784.25
False	15	89.421875	2931.5
False	15	91.5	2875.0
False	13	93.5625	2961.0
False	11	95.609375	3029.75
False	12	97.640625	3089.5
False	12	99.703125	3140.75
False	15	101.734375	3161.25
False	15	103.78125	3281.25
False	15	105.84375	3428.0
False	15	107.734375	3573.75
False	15	109.796875	3440.5
False	15	111.890625	3309.75
False	15	113.921875	3181.0
False	15	115.984375	3067.25
False	15	118.0625	2974.5
False	15	120.109375	2890.25
False	15	122.171875	2811.75
False	15	124.265625	2742.75
False	15	126.3125	2671.75
False	15	128.359375	2609.5
False	15	130.40625	2567.0
False	15	132.453125	2515.5
False	15	134.484375	2469.75
False	15	136.578125	2445.5
False	15	138.59375	2386.0
False	15	140.65625	2367.75
False	15	142.6875	2338.75
False	15	144.796875	2313.5
False	15	146.796875	2293.25
False	15	148.859375	2302.5
False	15	150.9375	2289.0
False	15	152.9375	2280.75
False	15	155.203125	2276.25
False	15	157.25	2271.5
False	15	159.328125	2280.25
False	15	161.390625	2281.0
False	15	163.4375	2287.5
False	15	165.515625	2292.25
False	15	167.546875	2311.25
False	15	169.625	2324.75
False	15	171.65625	2352.75
False	15	173.734375	2368.5
False	15	175.796875	2397.75
False	15	177.828125	2424.25
False	15	179.703125	2460.0
False	15	181.765625	2506.25
False	15	183.8125	2552.75
False	15	185.828125	2587.75
False	15	187.59375	5257.0
False	12	189.671875	5046.5
False	15	191.71875	4796.5
False	15	193.78125	4602.75
False	15	195.84375	4333.75
False	15	198.046875	3034.0
False	15	200.109375	2796.75
False	15	202.21875	2568.5
False	15	204.4375	2388.0
False	15	206.375	2849.5
False	15	208.46875	2703.75
False	15	210.546875	2597.5
False	15	212.59375	2528.25
False	15	214.6875	2467.75
False	15	216.765625	2403.5
False	15	218.796875	2352.75
False	15	220.875	2394.25
False	15	222.90625	2559.25
False	15	224.890625	2774.75
False	15	226.828125	2814.75
False	15	228.890625	2778.25
False	15	230.9375	2746.25
False	15	232.96875	2714.0
False	15	235.046875	2698.75
False	15	237.09375	2675.0
False	15	239.15625	2659.25
False	15	241.171875	2646.0
False	15	243.234375	2635.25
False	15	245.453125	1998.75
False	15	247.46875	2021.25
False	15	249.515625	2071.0
False	15	251.53125	2191.75
False	15	253.484375	2644.75
False	15	255.53125	2648.5
False	15	257.5625	2668.5
False	15	259.578125	2697.25
False	15	261.703125	2559.25
False	15	263.703125	2567.0
False	15	265.8125	2385.0
False	15	267.953125	2074.25
False	15	270.046875	1940.0
False	15	272.1875	1765.0
False	15	274.265625	1631.25
False	15	276.546875	1513.25
False	15	278.671875	1414.0
False	15	280.828125	1330.5
False	15	282.96875	1250.25
False	15	285.109375	1185.25
False	15	287.234375	1129.75
False	15	289.375	1075.75
False	15	291.453125	1029.75
False	15	293.53125	984.75
False	15	295.703125	949.5
False	15	297.765625	919.5
False	15	299.734375	890.0
False	15	301.734375	862.75
False	15	303.875	835.75
False	15	305.921875	814.75
False	15	307.96875	795.5
False	15	310.125	779.5
False	15	312.140625	764.25
False	15	314.28125	749.75
False	15	316.328125	736.25
False	15	318.5625	708.75
False	15	320.453125	715.5
False	15	322.65625	706.5
False	15	324.84375	699.5
False	15	326.859375	692.25
False	15	329.0	687.75
False	15	331.109375	684.75
False	15	333.09375	680.75
False	15	335.3125	679.0
False	15	337.203125	677.75
False	15	339.390625	678.5
False	15	341.328125	678.5
False	15	343.515625	680.25
False	15	345.484375	683.75
False	15	347.484375	687.25
False	15	349.53125	692.75
True	15	351.390625	700.0
False	15	353.453125	706.25
False	15	355.53125	714.0
False	15	357.484375	724.25
False	15	359.5	735.0
False	15	1.546875	745.25
False	15	3.703125	761.25
False	15	5.546875	776.25
False	15	7.703125	792.5
False	15	9.578125	811.25
False	15	11.578125	831.25
False	15	13.578125	854.25
False	15	15.640625	879.25
False	15	17.578125	907.75
False	15	19.640625	937.5
False	15	21.65625	971.75
False	15	23.578125	1011.25
False	15	25.59375	1051.25
False	15	27.546875	1097.75
False	15	29.546875	1151.75
False	15	31.59375	1210.5
False	15	33.5625	1277.75
False	15	35.625	1354.25
False	15	37.671875	1440.5
False	15	39.671875	1539.5
False	15	41.609375	1597.75
False	9	43.734375	1547.75
False	15	45.78125	1554.5
False	15	47.59375	2130.25
False	15	49.671875	2130.5
False	15	51.71875	2137.25
False	0	61.078125	0.0
False	15	55.671875	2646.0
False	15	57.71875	2697.25
False	15	59.5625	2674.0
False	15	61.609375	2701.5
False	15	63.625	2710.0
False	15	65.6875	2677.75
False	15	67.71875	2643.75
False	15	69.734375	2697.75
False	15	71.796875	2694.25
False	15	73.828125	2773.5
False	15	75.8125	2816.5
False	15	77.875	2758.5
False	15	79.90625	2805.0
False	14	81.9375	2760.25
False	15	84.25	2798.5
False	15	86.328125	2769.5
False	15	88.390625	2815.75
False	15	90.40625	2965.75
False	13	92.46875	2924.25
False	15	94.515625	2952.5
False	15	96.546875	3014.0
False	12	98.625	3152.75
False	15	100.671875	3169.5
False	15	102.71875	3184.0
False	15	104.796875	3295.75
False	15	106.71875	3468.25
False	15	108.75	3505.75
False	15	110.796875	3374.75
False	15	112.875	3237.0
False	15	114.9375	3127.5
False	15	116.984375	3029.25
False	15	119.078125	2945.75
False	15	121.125	2857.5
False	15	123.1875	2782.5
False	15	125.25	2705.0
False	15	127.328125	2643.75
False	15	129.390625	2596.0
False	15	131.421875	2538.0
False	15	133.46875	2502.0
False	15	135.53125	2453.0
False	15	137.625	2399.0
False	15	139.640625	2372.5
False	15	141.703125	2346.25
False	15	143.78125	2329.75
False	15	145.796875	2304.25
False	15	147.875	2303.75
False	15	149.90625	2292.75
False	15	151.96875	2283.5
False	15	154.0	2280.75
False	15	156.25	2268.75
False	15	158.3125	2278.75
False	15	160.375	2277.5
False	15	162.46875	2281.0
False	15	164.515625	2288.75
False	15	166.59375	2309.5
False	15	168.625	2312.5
False	15	170.703125	2329.0
False	15	172.78125	2363.25
False	15	174.8125	2389.0
False	15	176.875	2414.75
False	15	178.765625	2446.5
False	15	180.78125	2470.75
False	15	182.859375	2520.75
False	15	184.90625	2560.75
False	14	186.640625	5142.75
False	11	188.6875	5198.25
False	12	190.765625	4931.75
False	15	192.828125	4639.25
False	15	194.90625	4410.5
False	15	196.96875	4197.75
False	15	199.15625	2926.75
False	15	201.265625	2665.75
False	15	203.453125	2472.0
False	15	205.515625	2329.5
False	15	207.5	2791.25
False	15	209.578125	2640.0
False	15	211.625	2567.0
False	15	213.734375	2489.5
False	15	215.796875	2425.0
False	15	217.875	2369.75
False	15	219.9375	2331.0
False	15	221.96875	2482.75
False	15	223.96875	2680.5
False	15	225.984375	2829.25
False	15	227.9375	2796.0
False	15	229.984375	2767.75
False	15	232.015625	2724.75
False	15	234.078125	2703.25
False	15	236.140625	2691.0
False	15	238.1875	2669.75
False	15	240.234375	2647.5
False	15	242.265625	2642.25
False	15	244.3125	2638.0
False	15	246.546875	2001.0
False	15	248.59375	2055.0
False	15	250.59375	2150.5
False	15	252.484375	2624.75
False	15	254.5625	2640.5
False	15	256.609375	2654.5
False	15	258.640625	2655.5
False	15	260.703125	2683.25
False	15	262.765625	2550.25
False	15	264.828125	2504.25
False	15	266.890625	2240.5
False	15	269.03125	2010.75
False	15	271.140625	1836.0
False	15	273.234375	1695.75
False	15	275.578125	1565.5
False	15	277.703125	1454.25
False	15	279.859375	1361.25
False	15	281.9375	1289.25
False	15	284.03125	1216.25
False	15	286.15625	1156.5
False	15	288.3125	1100.25
False	15	290.4375	1049.25
False	15	292.546875	1005.5
False	15	294.65625	966.25
False	15	296.84375	932.25
False	15	298.875	903.5
False	15	300.765625	873.0
False	15	302.875	849.0
False	15	304.90625	823.75
False	15	307.0	804.5
False	15	309.15625	787.25
False	15	311.25	771.25
False	15	313.34375	754.5
False	15	315.359375	742.25
False	15	317.515625	703.5
False	15	319.46875	718.25
False	15	321.515625	710.5
False	15	323.65625	702.25
False	15	325.921875	695.0
False	15	327.953125	690.5
False	15	330.203125	685.0
False	15	332.171875	682.5
False	15	334.21875	679.0
False	15	336.25	677.5
False	15	338.484375	676.75
False	15	340.5	678.5
False	15	342.46875	680.0
False	15	344.59375	681.0
False	15	346.546875	685.75
False	15	348.53125	689.75
False	15	350.640625	695.75
True	15	352.609375	702.25
False	15	354.53125	710.5
False	15	356.671875	720.0
False	15	358.6875	729.5
False	15	0.65625	740.5
False	15	2.765625	754.5
False	15	4.640625	769.75
False	15	6.75	784.5
False	15	8.671875	802.75
False	15	10.703125	822.5
False	15	12.71875	844.5
False	15	14.75	868.25
False	15	16.65625	895.5
False	15	18.75	923.25
False	15	20.6875	956.0
False	15	22.71875	990.5
False	15	24.71875	1034.0
False	15	26.640625	1078.75
False	15	28.6875	1126.75
False	15	30.625	1184.5
False	15	32.640625	1248.75
False	15	34.59375	1320.5
False	15	36.796875	1402.0
False	15	38.71875	1493.75
False	15	40.71875	1609.0
False	15	42.734375	1714.75
False	15	44.953125	1508.0
False	15	46.703125	2076.75
False	15	48.75	2136.0
False	15	50.84375	2130.5
False	15	52.890625	2208.5
False	15	54.8125	2647.5
False	15	56.859375	2656.75
False	15	58.65625	2777.25
False	15	60.75	2664.75
False	15	62.75	2709.5
False	15	64.828125	2620.5
False	15	66.859375	2677.75
False	15	68.90625	2703.25
False	15	70.921875	2678.5
False	15	72.96875	2783.0
False	15	75.0	2749.25
False	15	77.046875	2803.75
False	15	79.09375	2768.25
False	15	81.109375	2751.0
False	15	83.4375	2740.0
False	15	85.484375	2792.5
False	15	87.546875	2780.0
False	15	89.578125	2923.5
False	15	91.625	2932.75
False	9	93.71875	2961.0
False	11	95.75	3021.5
False	14	97.796875	3089.5
False	13	99.84375	3134.25
False	15	101.90625	3168.0
False	15	103.953125	3278.75
False	15	106.0	3416.5
False	15	107.9375	3536.5
False	15	109.984375	3418.25
False	15	112.0625	3293.25
False	15	114.109375	3162.75
False	15	116.171875	3058.75
False	15	118.234375	2970.5
False	15	120.3125	2882.0
False	15	122.375	2806.25
False	15	124.453125	2734.25
False	15	126.5	2670.25
False	15	128.5625	2609.0
False	15	130.59375	2562.5
False	15	132.671875	2512.5
False	15	134.75	2475.25
False	15	136.765625	2442.0
False	15	138.828125	2384.25
False	15	140.921875	2361.5
False	15	142.953125	2332.75
False	15	145.015625	2311.5
False	15	147.078125	2307.75
False	15	149.109375	2294.0
False	15	151.15625	2287.5
False	15	153.21875	2284.25
False	15	155.484375	2279.75
False	15	157.53125	2279.0
False	15	159.578125	2275.5
False	15	161.6875	2277.75
False	15	163.71875	2285.5
False	15	165.796875	2293.5
False	15	167.84375	2312.75
False	15	169.921875	2323.5
False	15	171.96875	2356.0
False	15	174.015625	2376.75
False	15	176.0625	2397.0
False	15	178.140625	2428.25
False	15	180.015625	2461.75
False	15	182.046875	2507.75
False	15	184.125	2558.25
False	0	193.5625	0.0
False	13	187.890625	5234.5
False	14	189.953125	5012.75
False	14	192.03125	4762.5
False	15	194.078125	4548.25
False	15	196.1875	4293.25
False	15	198.359375	2978.5
False	15	200.46875	2761.25
False	15	202.65625	2553.75
False	15	204.75	2361.5
False	15	206.703125	2863.0
False	15	208.796875	2668.5
False	15	210.875	2591.25
False	15	212.921875	2522.75
False	15	215.015625	2460.75
False	15	217.09375	2403.0
False	15	219.140625	2354.75
False	15	221.1875	2412.0
False	15	223.1875	2601.75
False	15	225.21875	2806.75
False	15	227.171875	2814.0
False	15	229.1875	2777.25
False	15	231.234375	2741.25
False	15	233.328125	2711.0
False	15	235.34375	2700.5
False	15	237.40625	2674.0
False	15	239.453125	2650.75
False	15	241.53125	2641.0
False	15	243.578125	2637.25
False	15	245.78125	2007.25
False	15	247.796875	2053.5
False	15	249.859375	2079.25
False	15	251.828125	2209.5
False	15	253.8125	2645.25
False	15	255.859375	2648.5
False	15	257.875	2667.0
False	15	259.9375	2701.5
False	15	262.015625	2523.75
False	15	264.046875	2537.5
False	15	266.140625	2342.5
False	15	268.28125	2016.75
False	15	270.390625	1898.0
False	15	272.5	1749.0
False	15	274.609375	1607.25
False	15	276.875	1493.75
False	15	279.046875	1400.0
False	15	281.203125	1316.75
False	15	283.265625	1241.0
False	15	285.40625	1174.75
False	15	287.515625	1121.0
False	15	289.71875	1066.5
False	15	291.84375	1022.0
False	15	293.9375	978.0
False	15	296.03125	944.5
False	15	298.1875	913.5
False	15	300.046875	884.0
False	15	302.125	856.5
False	15	304.3125	831.75
False	15	306.28125	811.0
False	15	308.34375	793.5
False	15	310.53125	774.5
False	15	312.5	760.0
False	15	314.59375	746.0
False	15	316.65625	731.75
False	15	318.875	717.5
False	15	320.890625	712.0
False	15	322.875	705.0
False	15	325.296875	698.75
False	15	327.265625	691.5
False	15	329.46875	686.5
False	15	331.390625	683.5
False	15	333.4375	680.5
False	15	335.609375	679.0
False	15	337.625	678.0
False	15	339.765625	677.75
False	15	341.765625	678.75
False	15	343.75	680.75
False	15	345.90625	685.0
False	15	347.890625	688.75
False	15	349.84375	694.5
True	15	351.90625	700.5
False	15	353.953125	707.25
False	15	356.046875	716.25
False	15	358.0	727.25
False	15	359.9375	737.25
False	15	1.9375	749.75
False	15	3.953125	764.25
False	15	5.96875	781.0
False	15	8.03125	797.0
False	15	10.046875	816.5
False	15	12.078125	836.5
False	15	13.984375	859.0
False	15	15.984375	885.5
False	15	18.046875	914.5
False	15	20.015625	946.25
False	15	22.078125	981.0
False	15	24.046875	1018.75
False	15	26.015625	1062.25
False	15	27.96875	1108.75
False	15	30.015625	1164.5
False	15	32.03125	1225.75
False	15	33.984375	1297.25
False	15	36.078125	1374.0
False	15	38.109375	1461.25
False	15	40.078125	1568.0
False	12	42.125	1563.75
False	15	44.296875	1496.75
False	15	46.0625	2023.75
False	15	48.09375	2133.75
False	15	50.15625	2119.75
False	15	52.203125	2162.75
False	0	61.59375	0.0
False	15	56.234375	2641.5
False	15	58.25	2751.0
False	15	60.109375	2668.0
False	15	62.125	2762.5
False	15	64.1875	2706.5
False	15	66.21875	2682.25
False	15	68.234375	2675.75
False	15	70.28125	2710.0
False	15	72.34375	2736.5
False	15	74.359375	2755.0
False	15	76.390625	2823.75
False	15	78.453125	2753.25
False	15	80.5	2740.0
False	15	82.8125	2726.25
False	15	84.84375	2755.5
False	15	86.921875	2764.75
False	14	88.9375	2826.25
False	15	91.0	2922.25
False	15	93.0625	2919.75
False	15	95.109375	3030.5
False	0	104.6875	0.0
False	14	99.21875	3159.0
False	15	101.296875	3139.25
False	15	103.375	3176.25
False	15	105.390625	3294.25
False	15	107.28125	3588.25
False	15	109.359375	3461.0
False	15	111.4375	3327.25
False	15	113.5	3198.75
False	15	115.578125	3092.25
False	15	117.625	3005.75
False	15	119.703125	2913.25
False	15	121.78125	2823.0
False	15	123.859375	2746.25
False	15	125.875	2678.5
False	15	127.96875	2625.75
False	15	130.015625	2573.5
False	15	132.046875	2528.25
False	15	134.125	2489.0
False	15	136.203125	2448.25
False	15	138.25	2397.25
False	15	140.296875	2371.5
False	15	142.375	2334.75
False	15	144.4375	2318.5
False	15	146.484375	2303.25
False	15	148.515625	2306.25
False	15	150.5625	2287.5
False	15	152.640625	2279.75
False	15	154.875	2277.5
False	15	156.921875	2272.75
False	15	159.03125	2275.75
False	15	161.078125	2281.0
False	15	163.109375	2284.75
False	15	165.203125	2291.5
False	15	167.25	2310.0
False	15	169.328125	2321.5
False	15	171.40625	2342.75
False	15	173.46875	2366.25
False	15	175.515625	2394.25
False	15	177.546875	2424.25
False	15	179.453125	2454.25
False	15	181.5	2489.5
False	15	183.546875	2528.5
False	15	185.5625	2570.5
False	15	187.328125	5146.75
False	12	189.421875	5073.0
False	15	191.453125	4832.75
False	15	193.53125	4576.0
False	15	195.59375	4363.25
False	15	197.78125	3072.25
False	15	199.875	2852.0
False	15	201.984375	2595.0
False	15	204.171875	2409.25
False	0	213.609375	0.0
False	15	208.203125	2748.5
False	15	210.28125	2605.75
False	15	212.34375	2537.5
False	15	214.421875	2473.0
False	15	216.484375	2415.25
False	15	218.546875	2352.75
False	15	220.625	2376.25
False	15	222.625	2536.0
False	15	224.65625	2753.75
False	15	226.609375	2823.0
False	15	228.640625	2780.0
False	15	230.65625	2760.25
False	15	232.75	2717.75
False	15	234.8125	2703.75
False	15	236.84375	2683.25
False	15	238.890625	2664.25
False	15	240.953125	2648.5
False	15	242.984375	2639.5
False	15	245.203125	2033.25
False	15	247.234375	2035.25
False	15	249.296875	2065.25
False	15	251.25	2192.25
False	15	253.21875	2644.75
False	15	255.25	2647.0
False	15	257.296875	2657.75
False	15	259.359375	2686.0
False	15	261.4375	2520.25
False	15	263.453125	2541.0
False	15	265.546875	2418.25
False	15	267.640625	2169.75
False	0	277.03125	0.0
False	15	271.9375	1755.25
False	15	273.984375	1650.5
False	15	276.328125	1526.75
False	15	278.390625	1427.0
False	15	280.53125	1337.25
False	15	282.734375	1260.75
False	15	284.859375	1198.0
False	15	286.921875	1134.25
False	15	289.015625	1083.75
False	15	291.15625	1036.0
False	15	293.25	993.0
False	15	295.359375	956.75
False	15	297.53125	923.25
False	15	299.6875	894.25
False	15	301.5	863.5
False	15	303.546875	840.5
False	15	305.78125	816.0
False	15	307.734375	799.25
False	15	309.8125	781.0
False	15	311.953125	765.0
False	15	313.96875	752.25
False	15	316.0625	737.25
False	15	318.203125	707.0
False	15	320.328125	716.25
False	15	322.421875	707.5
False	15	324.546875	701.25
False	15	326.671875	694.0
False	15	328.8125	688.0
False	15	330.90625	685.25
False	15	333.015625	681.25
False	15	334.90625	680.75
False	15	337.0625	678.75
False	15	339.125	679.0
False	15	341.1875	678.75
False	15	343.28125	681.0
False	15	345.21875	683.75
False	15	347.4375	687.5
False	15	349.25	692.5
True	15	351.375	699.0
False	15	353.421875	705.25
False	15	355.421875	714.0
False	15	357.328125	723.5
False	15	359.40625	734.75
False	15	1.390625	746.75
False	15	3.453125	759.5
False	15	5.5	775.0
False	15	7.546875	791.75
False	15	9.421875	810.75
False	15	11.5	830.25
False	15	13.40625	853.75
False	15	15.5	875.75
False	15	17.5	905.25
False	15	19.40625	935.25
False	15	21.390625	969.0
False	15	23.421875	1006.25
False	15	25.421875	1049.25
False	15	27.4375	1094.25
False	15	29.375	1148.25
False	15	31.390625	1206.25
False	15	33.34375	1273.75
False	15	35.515625	1348.25
False	15	37.453125	1434.25
False	15	39.5	1534.25
False	15	41.515625	1625.0
False	13	43.609375	1553.5
False	15	45.6875	1543.5
False	15	47.46875	2131.25
False	15	49.515625	2131.0
False	15	51.5625	2128.25
False	0	60.953125	0.0
False	15	55.578125	2644.25
False	15	57.625	2696.0
False	15	59.46875	2677.75
False	15	61.46875	2687.25
False	15	63.53125	2693.75
False	15	65.5625	2660.5
False	15	67.625	2659.25
False	15	69.671875	2699.25
False	15	71.703125	2668.5
False	15	73.71875	2777.75
False	15	75.765625	2812.75
False	13	77.8125	2768.25
False	15	79.828125	2807.5
False	15	81.859375	2780.75
False	15	84.171875	2810.5
False	15	86.25	2776.0
False	15	88.296875	2813.5
False	15	90.359375	2959.0
False	12	92.4375	2909.25
False	15	94.484375	2945.75
False	13	96.53125	3014.5
False	12	98.5625	3129.0
False	13	100.640625	3152.0
False	15	102.6875	3208.75
False	15	104.71875	3296.75
False	15	106.671875	3439.5
False	15	108.734375	3493.75
False	15	110.796875	3375.5
False	15	112.84375	3244.25
False	15	114.9375	3121.5
False	15	117.0	3025.0
False	15	119.078125	2945.75
False	15	121.140625	2852.5
False	15	123.203125	2784.75
False	15	125.25	2704.5
False	15	127.3125	2642.25
False	15	129.390625	2593.5
False	15	131.453125	2550.25
False	15	133.5	2500.0
False	15	135.578125	2454.25
False	15	137.609375	2404.5
False	15	139.6875	2362.0
False	15	141.75	2343.25
False	15	143.796875	2323.5
False	15	145.859375	2304.5
False	15	147.890625	2306.25
False	15	149.953125	2287.5
False	15	151.984375	2281.5
False	15	154.0625	2281.0
False	15	156.328125	2263.5
False	15	158.375	2267.5
False	15	160.4375	2272.25
False	15	162.5	2286.75
False	15	164.59375	2292.25
False	15	166.671875	2302.0
False	15	168.71875	2313.5
False	15	170.765625	2325.25
False	15	172.8125	2358.25
False	15	174.890625	2375.0
False	15	176.921875	2417.5
False	15	178.859375	2432.25
False	15	180.890625	2476.75
False	15	182.921875	2517.0
False	15	185.0	2561.75
False	14	186.75	5121.25
False	13	188.796875	5182.25
False	14	190.890625	4931.75
False	14	192.953125	4658.5
False	15	195.0	4448.75
False	15	197.0625	4209.75
False	15	199.265625	2928.25
False	15	201.40625	2683.25
False	15	203.5625	2472.0
False	15	205.65625	2328.5
False	15	207.59375	2797.25
False	15	209.6875	2640.0
False	15	211.765625	2569.5
False	15	213.859375	2488.0
False	15	215.921875	2425.5
False	15	218.015625	2369.25
False	15	220.0625	2330.25
False	15	222.0625	2478.25
False	15	224.109375	2675.0
False	15	226.15625	2823.0
False	15	228.09375	2789.5
False	15	230.140625	2766.5
False	15	232.1875	2728.0
False	15	234.234375	2705.0
False	15	236.28125	2681.75
False	15	238.328125	2663.25
False	15	240.40625	2648.5
False	15	242.46875	2641.5
False	15	244.515625	2636.25
False	15	246.734375	2032.25
False	15	248.75	2057.75
False	15	250.765625	2166.75
False	15	252.671875	2638.5
False	15	254.734375	2636.75
False	15	256.796875	2651.75
False	15	258.828125	2659.25
False	15	260.890625	2514.5
False	15	262.953125	2561.75
False	15	264.984375	2502.5
False	15	267.09375	2237.75
False	0	276.515625	0.0
False	15	271.328125	1843.0
False	15	273.46875	1692.0
False	15	275.75	1564.25
False	15	277.90625	1457.25
False	15	280.0	1361.25
False	15	282.1875	1285.75
False	15	284.234375	1216.75
False	15	286.40625	1156.5
False	15	288.484375	1100.5
False	15	290.6875	1050.25
False	15	292.6875	1008.5
False	15	294.8125	966.5
False	15	296.953125	933.25
False	15	299.171875	903.5
False	15	301.03125	874.25
False	15	303.03125	849.5
False	15	305.15625	823.5
False	15	307.203125	805.75
False	15	309.40625	788.0
False	15	311.484375	770.0
False	15	313.484375	755.5
False	15	315.609375	741.25
False	15	317.703125	704.5
False	15	319.78125	719.25
False	15	321.75	711.0
False	15	324.0	703.75
False	15	326.171875	696.0
False	15	328.140625	691.5
False	15	330.296875	686.0
False	15	332.359375	682.5
False	15	334.375	679.75
False	15	336.46875	680.0
False	15	338.5	679.5
False	15	340.625	680.25
False	15	342.578125	681.0
False	15	344.71875	682.75
False	15	346.6875	686.5
False	15	348.6875	690.0
False	15	350.65625	696.75
True	15	352.796875	704.5
False	15	354.875	711.5
False	15	356.796875	720.75
False	15	358.78125	730.0
False	15	0.8125	742.25
False	15	2.953125	756.0
False	15	4.8125	769.75
False	15	6.8125	787.0
False	15	8.9375	804.5
False	15	10.84375	824.25
False	15	12.875	846.75
False	15	14.8125	870.25
False	15	16.921875	897.75
False	15	18.875	926.25
False	15	20.921875	957.5
False	15	22.84375	993.75
False	15	24.828125	1037.0
False	15	26.8125	1082.75
False	15	28.875	1131.25
False	15	30.78125	1191.75
False	15	32.78125	1251.25
False	15	34.75	1325.5
False	15	36.96875	1405.0
False	15	38.9375	1500.25
False	15	40.875	1613.75
False	15	42.9375	1717.0
False	15	45.0625	1512.0
False	15	46.859375	2074.75
False	15	48.953125	2137.25
False	15	51.015625	2127.0
False	13	52.984375	2352.25
False	15	55.0	2644.25
False	15	57.046875	2664.75
False	15	58.84375	2779.0
False	15	60.921875	2661.0
False	15	62.96875	2710.0
False	15	65.046875	2623.0
False	15	67.046875	2668.0
False	15	69.109375	2703.75
False	15	71.109375	2666.5
False	15	73.140625	2787.25
False	15	75.21875	2746.25
False	15	77.21875	2795.0
False	15	79.28125	2773.0
False	14	81.3125	2762.0
False	15	83.640625	2748.0
False	15	85.6875	2798.5
False	15	87.78125	2788.25
False	15	89.8125	2926.75
False	15	91.828125	2968.5
False	0	101.4375	0.0
False	9	95.96875	3010.5
False	15	98.015625	3096.0
False	14	100.09375	3130.5
False	15	102.171875	3155.75
False	15	104.1875	3286.0
False	15	106.25	3413.75
False	15	108.15625	3543.25
False	15	110.25	3408.5
False	15	112.296875	3282.0
False	15	114.359375	3157.5
False	15	116.4375	3053.0
False	15	118.5	2968.5
False	15	120.5625	2874.5
False	15	122.65625	2800.25
False	15	124.75	2730.75
False	15	126.78125	2667.5
False	15	128.84375	2602.75
False	15	130.921875	2561.25
False	15	132.953125	2506.75
False	15	135.015625	2472.0
False	15	137.09375	2434.5
False	15	139.15625	2379.25
False	15	141.171875	2354.0
False	15	143.28125	2334.75
False	15	145.296875	2313.25
False	15	147.34375	2307.5
False	15	149.421875	2289.5
False	15	151.453125	2284.75
False	15	153.5	2276.75
False	15	155.796875	2277.75
False	15	157.859375	2279.0
False	15	159.921875	2278.25
False	15	161.96875	2281.5
False	15	164.03125	2282.75
False	15	166.125	2289.5
False	15	168.171875	2312.0
False	15	170.25	2324.0
False	15	172.3125	2356.0
False	15	174.390625	2372.75
False	15	176.421875	2398.75
False	15	178.5	2432.75
False	15	180.375	2464.0
False	15	182.390625	2507.75
False	15	184.46875	2549.25
False	0	193.921875	0.0
False	12	188.265625	5214.25
False	14	190.328125	4999.5
False	14	192.390625	4722.5
False	15	194.46875	4507.0
False	15	196.546875	4270.0
False	15	198.71875	2966.5
False	15	200.8125	2763.75
False	15	203.015625	2549.75
False	15	205.09375	2352.25
False	14	207.03125	2854.5
False	15	209.140625	2673.5
False	15	211.234375	2588.25
False	15	213.296875	2520.75
False	15	215.375	2460.75
False	15	217.4375	2402.25
False	15	219.5	2345.0
False	15	221.5625	2427.25
False	15	223.546875	2608.0
False	15	225.578125	2826.75
False	15	227.484375	2811.75
False	15	229.578125	2773.0
False	15	231.609375	2747.5
False	15	233.703125	2711.0
False	15	235.71875	2697.75
False	15	237.796875	2672.25
False	15	239.828125	2646.5
False	15	241.875	2642.75
False	15	243.921875	2639.5
False	15	246.171875	2031.25
False	15	248.1875	2059.0
False	12	250.203125	2088.5
False	15	252.125	2637.25
False	15	254.171875	2617.75
False	15	256.171875	2646.5
False	15	258.21875	2663.25
False	15	260.328125	2520.25
False	15	262.34375	2539.0
False	15	264.390625	2574.0
False	15	266.46875	2328.25
False	0	275.921875	0.0
False	15	270.75	1887.0
False	15	272.859375	1737.25
False	15	275.109375	1604.25
False	15	277.28125	1491.75
False	15	279.359375	1391.75
False	15	281.484375	1315.5
False	15	283.59375	1239.75
False	15	285.78125	1173.5
False	15	287.84375	1118.0
False	15	289.984375	1066.75
False	15	292.09375	1021.75
False	15	294.296875	980.0
False	15	296.328125	945.25
False	15	298.5	913.75
False	15	300.40625	881.5
False	15	302.390625	856.75
False	15	304.59375	832.25
False	15	306.59375	811.5
False	15	308.640625	792.75
False	15	310.8125	776.25
False	15	312.90625	760.75
False	15	314.953125	746.75
False	15	317.109375	723.25
False	15	319.140625	717.75
False	15	321.109375	712.5
False	15	323.171875	705.5
False	15	325.453125	698.5
False	15	327.515625	692.75
False	15	329.59375	689.0
False	15	331.828125	683.0
False	15	333.75	680.25
False	15	335.796875	679.5
False	15	337.890625	677.75
False	15	339.921875	677.75
False	15	342.046875	680.5
False	15	344.171875	682.5
False	15	346.203125	685.5
False	15	348.15625	689.75
False	15	350.046875	694.5
True	15	352.21875	701.25
False	15	354.125	709.0
False	15	356.265625	716.5
False	15	358.15625	726.5
False	15	0.234375	737.75
False	15	2.328125	751.25
False	15	4.1875	765.25
False	15	6.359375	782.0
False	15	8.359375	797.25
False	15	10.359375	817.5
False	15	12.21875	839.0
False	15	14.203125	861.25
False	15	16.234375	888.5
False	15	18.25	914.75
False	15	20.25	946.75
False	15	22.25	981.75
False	15	24.21875	1020.75
False	15	26.25	1062.75
False	15	28.203125	1111.75
False	15	30.15625	1166.0
False	15	32.171875	1226.25
False	15	34.15625	1298.0
False	15	36.34375	1375.5
False	15	38.296875	1468.0
False	15	40.328125	1576.5
False	15	42.359375	1532.75
False	15	44.5	1504.5
False	15	46.296875	2027.75
False	15	48.28125	2131.75
False	15	50.34375	2128.25
False	15	52.40625	2164.25
False	0	61.796875	0.0
False	15	56.40625	2654.5
False	15	58.453125	2747.5
False	15	60.3125	2662.5
False	15	62.3125	2757.25
False	15	64.375	2710.0
False	15	66.4375	2683.25
False	15	68.46875	2683.75
False	15	70.515625	2701.5
False	15	72.515625	2758.5
False	15	74.546875	2755.0
False	15	76.609375	2814.0
False	15	78.640625	2745.25
False	15	80.703125	2732.5
False	15	83.0	2721.25
False	15	85.046875	2754.5
False	15	87.140625	2761.25
False	15	89.171875	2819.5
False	15	91.234375	2906.75
False	15	93.28125	2919.0
False	14	95.328125	3025.0
False	8	97.375	3089.5
False	14	99.4375	3149.75
False	15	101.484375	3138.0
False	15	103.5625	3171.75
False	15	105.609375	3288.5
False	15	107.53125	3583.25
False	15	109.59375	3469.25
False	15	111.6875	3324.75
False	15	113.734375	3206.5
False	15	115.8125	3096.75
False	15	117.890625	3007.0
False	15	119.953125	2913.75
False	15	122.015625	2822.0
False	15	124.078125	2747.5
False	15	126.171875	2680.0
False	15	128.203125	2629.0
False	15	130.28125	2573.0
False	15	132.359375	2519.75
False	15	134.359375	2487.25
False	15	136.484375	2447.75
False	15	138.5	2391.25
False	15	140.609375	2366.25
False	15	142.625	2340.0
False	15	144.6875	2314.5
False	15	146.765625	2296.0
False	15	148.796875	2298.5
False	15	150.859375	2286.75
False	15	152.9375	2279.75
False	15	155.15625	2275.5
False	15	157.25	2275.75
False	15	159.3125	2269.0
False	15	161.390625	2267.75
False	15	163.4375	2284.25
False	15	165.515625	2290.25
False	15	167.5625	2307.5
False	15	169.625	2319.5
False	15	171.6875	2334.5
False	15	173.75	2364.25
False	15	175.8125	2387.75
False	15	177.890625	2418.25
False	15	179.796875	2454.25
False	15	181.828125	2499.5
False	15	183.859375	2541.5
False	15	185.90625	2570.0
False	15	187.6875	5154.5
False	12	189.75	5069.25
False	14	191.8125	4848.5
False	15	193.890625	4593.25
False	15	195.96875	4366.0
False	14	198.140625	3076.5
False	15	200.234375	2871.25
False	15	202.359375	2599.5
False	15	204.53125	2413.75
False	0	213.984375	0.0
False	15	208.5625	2760.75
False	15	210.65625	2610.0
False	15	212.734375	2537.5
False	15	214.828125	2475.25
False	15	216.859375	2415.25
False	15	218.96875	2350.0
False	15	221.0	2365.5
False	15	223.046875	2532.0
False	15	225.0625	2752.0
False	15	226.96875	2825.0
False	15	229.015625	2784.75
False	15	231.078125	2757.25
False	15	233.109375	2718.5
False	15	235.171875	2705.0
False	15	237.21875	2679.5
False	15	239.296875	2662.5
False	15	241.34375	2659.25
False	15	243.40625	2637.25
False	15	245.59375	2036.5
False	15	247.625	2049.25
False	15	249.65625	2067.75
False	15	251.6875	2204.75
False	15	253.609375	2647.0
False	15	255.640625	2646.5
False	15	257.703125	2654.5
False	15	259.734375	2677.25
False	15	261.828125	2532.5
False	15	263.84375	2544.0
False	15	265.953125	2420.0
False	15	268.03125	2169.75
False	0	277.421875	0.0
False	15	272.296875	1752.75
False	15	274.4375	1650.75
False	15	276.671875	1528.25
False	15	278.859375	1426.0
False	15	280.9375	1338.5
False	15	283.03125	1261.5
False	15	285.171875	1198.75
False	15	287.3125	1137.75
False	15	289.421875	1084.0
False	15	291.5625	1038.75
False	15	293.703125	993.25
False	15	295.765625	955.5
False	15	297.953125	922.75
False	15	299.8125	894.25
False	15	301.921875	863.75
False	15	303.96875	840.5
False	15	306.015625	817.25
False	15	308.21875	798.0
False	15	310.25	782.5
False	15	312.34375	766.25
False	15	314.40625	751.5
False	15	316.5	737.5
False	15	318.640625	706.5
False	15	320.625	716.25
False	15	322.609375	708.75
False	15	325.0625	700.0
False	15	326.984375	694.25
False	15	329.21875	688.5
False	15	331.234375	684.25
False	15	333.171875	681.75
False	15	335.375	680.5
False	15	337.46875	678.25
False	15	339.390625	679.0
False	15	341.59375	679.25
False	15	343.546875	680.0
False	15	345.609375	683.75
False	15	347.703125	688.0
False	15	349.578125	692.75
True	15	351.703125	697.75
False	15	353.71875	705.75
False	15	355.78125	713.5
False	15	357.765625	722.5
False	15	359.796875	735.0
False	15	1.71875	746.75
False	15	3.6875	760.0
False	15	5.765625	774.25
False	15	7.71875	791.75
False	15	9.71875	811.0
False	15	11.78125	830.5
False	15	13.78125	853.25
False	15	15.75	877.5
False	15	17.75	906.25
False	15	19.75	935.75
False	15	21.796875	969.5
False	15	23.8125	1006.25
False	15	25.734375	1048.0
False	15	27.796875	1093.5
False	15	29.765625	1145.5
False	15	31.671875	1204.5
False	15	33.71875	1270.25
False	15	35.796875	1348.25
False	15	37.78125	1435.75
False	15	39.78125	1534.25
False	15	41.828125	1628.0
False	15	43.953125	1537.5
False	15	45.984375	1548.75
False	15	47.796875	2130.25
False	15	49.84375	2131.75
False	15	51.9375	2150.75
False	0	61.296875	0.0
False	15	55.90625	2655.0
False	15	57.953125	2693.25
False	15	59.78125	2682.75
False	15	61.828125	2688.25
False	15	63.875	2720.0
False	15	65.90625	2661.0
False	15	67.9375	2660.0
False	15	69.984375	2703.25
False	15	72.03125	2670.75
False	15	74.046875	2781.25
False	14	76.109375	2812.75
False	13	78.140625	2774.75
False	15	80.171875	2800.25
False	15	82.234375	2775.25
False	15	84.546875	2803.75
False	15	86.59375	2765.5
False	15	88.671875	2806.75
False	15	90.6875	2956.5
False	13	92.765625	2916.5
False	15	94.84375	2945.75
False	14	96.890625	3011.75
False	14	98.90625	3135.0
False	14	101.0	3150.5
False	15	103.046875	3201.0
False	15	105.109375	3295.75
False	15	107.015625	3456.5
False	15	109.09375	3502.0
False	15	111.15625	3369.5
False	15	113.21875	3246.5
False	15	115.28125	3129.0
False	15	117.34375	3025.0
False	15	119.4375	2949.75
False	15	121.484375	2852.0
False	15	123.546875	2787.75
False	15	125.609375	2704.5
False	15	127.71875	2641.5
False	15	129.75	2584.75
False	15	131.8125	2548.75
False	15	133.875	2504.75
False	15	135.90625	2453.0
False	15	138.0	2405.25
False	15	140.0625	2377.5
False	15	142.125	2341.5
False	15	144.171875	2315.25
False	15	146.234375	2301.25
False	15	148.25	2304.25
False	15	150.3125	2290.0
False	15	152.359375	2282.75
False	15	154.640625	2275.0
False	15	156.6875	2275.5
False	15	158.75	2277.5
False	15	160.8125	2276.75
False	15	162.890625	2282.75
False	15	164.96875	2289.5
False	15	167.046875	2307.0
False	15	169.109375	2316.5
False	15	171.15625	2337.0
False	15	173.21875	2361.25
False	15	175.296875	2378.0
False	15	177.34375	2412.5
False	15	179.265625	2440.0
False	15	181.28125	2482.0
False	15	183.34375	2522.75
False	15	185.40625	2560.75
False	13	187.15625	5119.25
False	11	189.203125	5204.25
False	14	191.28125	4930.0
False	15	193.34375	4637.75
False	15	195.40625	4437.0
False	15	197.5	4193.75
False	15	199.71875	2935.25
False	15	201.796875	2679.5
False	15	203.984375	2470.75
False	15	206.09375	2328.5
False	15	208.03125	2798.5
False	15	210.171875	2649.0
False	15	212.203125	2569.0
False	15	214.328125	2487.5
False	15	216.40625	2426.75
False	15	218.46875	2379.25
False	15	220.53125	2332.25
False	15	222.5625	2478.5
False	15	224.5625	2673.5
False	15	226.609375	2822.5
False	15	228.53125	2795.5
False	15	230.5625	2770.75
False	15	232.671875	2726.25
False	15	234.703125	2706.0
False	15	236.765625	2682.25
False	15	238.8125	2668.0
False	15	240.859375	2646.5
False	15	242.90625	2643.25
False	15	245.140625	2045.5
False	15	247.171875	2010.75
False	15	249.1875	2068.75
False	15	251.203125	2152.75
False	15	253.140625	2640.5
False	15	255.203125	2637.25
False	15	257.234375	2656.0
False	15	259.28125	2656.0
False	15	261.34375	2696.5
False	15	263.40625	2538.0
False	15	265.484375	2503.75
False	15	267.578125	2240.75
False	15	269.71875	2018.5
False	15	271.796875	1835.75
False	15	273.9375	1694.0
False	15	276.1875	1565.0
False	15	278.328125	1457.25
False	15	280.484375	1362.0
False	15	282.53125	1290.0
False	15	284.703125	1216.75
False	15	286.84375	1154.5
False	15	288.9375	1099.75
False	15	290.984375	1052.25
False	15	293.203125	1008.75
False	15	295.265625	967.25
False	15	297.453125	933.25
False	15	299.515625	903.75
False	15	301.390625	874.75
False	15	303.484375	849.5
False	15	305.625	823.25
False	15	307.65625	806.0
False	15	309.734375	787.25
False	15	311.84375	771.0
False	15	313.796875	757.0
False	15	315.90625	742.0
False	15	318.171875	704.0
False	15	320.109375	718.75
False	15	322.234375	710.5
False	15	324.453125	703.25
False	15	326.5	697.75
False	15	328.53125	691.25
False	15	330.625	686.0
False	15	332.703125	682.75
False	15	334.765625	680.25
False	15	336.875	679.5
False	15	338.828125	677.75
False	15	341.03125	678.25
False	15	343.046875	680.5
False	15	344.984375	683.75
False	15	347.03125	686.5
False	15	349.0625	690.5
False	15	350.953125	696.5
True	15	353.0625	704.0
False	15	355.015625	710.25
False	15	357.140625	720.0
False	15	359.140625	730.5
False	15	1.125	741.5
False	15	3.03125	755.0
False	15	5.125	770.25
False	15	7.1875	786.5
False	15	9.0625	804.5
False	15	11.171875	823.25
False	15	13.078125	845.5
False	15	15.09375	869.0
False	15	17.078125	897.5
False	15	19.03125	925.5
False	15	21.09375	957.5
False	15	23.015625	992.75
False	15	25.015625	1034.75
False	15	27.0625	1079.25
False	15	29.03125	1128.5
False	15	30.984375	1186.5
False	15	32.984375	1250.5
False	15	35.046875	1323.5
False	15	37.046875	1402.5
False	15	39.078125	1499.5
False	15	41.078125	1611.25
False	15	43.0625	1720.0
False	15	45.203125	1504.5
False	15	47.0	2076.0
False	15	49.046875	2140.5
False	15	51.125	2128.75
False	15	53.140625	2191.75
False	15	55.0625	2650.25
False	15	57.109375	2669.75
False	15	58.96875	2780.0
False	15	61.0	2667.5
False	15	63.03125	2715.0
False	15	65.078125	2616.25
False	15	67.09375	2676.25
False	15	69.15625	2696.0
False	15	71.171875	2675.75
False	15	73.21875	2783.0
False	15	75.234375	2749.25
False	15	77.25	2808.75
False	15	79.328125	2778.25
False	15	81.34375	2760.75
False	15	83.671875	2748.0
False	15	85.734375	2790.0
False	15	87.796875	2790.0
False	15	89.828125	2930.0
False	15	91.875	2942.5
False	10	93.90625	2966.5
False	9	95.96875	3027.75
False	13	98.03125	3099.5
False	15	100.078125	3126.75
False	15	102.109375	3163.5
False	15	104.171875	3289.25
False	15	106.21875	3414.75
False	15	108.15625	3539.5
False	15	110.21875	3420.0
False	15	112.28125	3291.0
False	15	114.34375	3157.5
False	15	116.421875	3060.0
False	15	118.5	2965.0
False	15	120.5625	2883.75
False	15	122.59375	2803.25
False	15	124.671875	2730.25
False	15	126.734375	2664.25
False	15	128.78125	2601.75
False	15	130.859375	2560.25
False	15	132.890625	2513.5
False	15	134.9375	2473.5
False	15	137.0	2440.5
False	15	139.046875	2389.0
False	15	141.125	2355.5
False	15	143.1875	2331.0
False	15	145.21875	2312.0
False	15	147.28125	2298.75
False	15	149.3125	2290.75
False	15	151.390625	2283.75
False	15	153.40625	2277.5
False	15	155.6875	2270.25
False	15	157.78125	2273.75
False	15	159.796875	2276.75
False	15	161.890625	2279.0
False	15	163.953125	2282.25
False	15	166.015625	2294.0
False	15	168.046875	2310.0
False	15	170.140625	2321.5
False	15	172.21875	2354.25
False	15	174.28125	2368.0
False	15	176.296875	2384.25
False	15	178.390625	2429.5
False	15	180.25	2456.25
False	15	182.28125	2507.75
False	15	184.359375	2559.75
False	0	193.8125	0.0
False	15	188.140625	5230.5
False	13	190.21875	5009.0
False	14	192.28125	4757.5
False	15	194.34375	4576.0
False	15	196.421875	4307.25
False	15	198.625	2991.25
False	15	200.703125	2770.75
False	15	202.90625	2558.75
False	15	205.0	2337.0
False	15	206.921875	2827.5
False	15	209.015625	2676.25
False	15	211.09375	2592.5
False	15	213.171875	2523.75
False	15	215.25	2462.25
False	15	217.34375	2403.5
False	15	219.375	2352.75
False	15	221.46875	2409.25
False	15	223.4375	2593.0
False	15	225.46875	2809.25
False	15	227.421875	2814.0
False	15	229.453125	2774.25
False	15	231.5	2745.25
False	15	233.5625	2716.25
False	15	235.609375	2684.5
False	15	237.671875	2670.25
False	15	239.703125	2650.25
False	15	241.796875	2644.25
False	15	243.8125	2642.75
False	15	246.0625	2005.0
False	15	248.0625	2058.75
False	15	250.09375	2097.0
False	15	252.109375	2225.0
False	15	254.0625	2644.75
False	15	256.078125	2650.75
False	15	258.15625	2658.25
False	15	260.171875	2666.5
False	15	262.265625	2513.0
False	15	264.3125	2555.25
False	15	266.390625	2346.25
False	15	268.53125	2106.5
False	15	270.609375	1897.25
False	15	272.75	1749.5
False	15	275.078125	1611.25
False	15	277.203125	1496.75
False	15	279.265625	1403.25
False	15	281.421875	1318.0
False	15	283.578125	1242.5
False	15	285.703125	1182.5
False	15	287.78125	1120.75
False	15	289.96875	1069.25
False	15	292.046875	1024.25
False	15	294.109375	982.5
False	15	296.296875	946.75
False	15	298.40625	915.0
False	15	300.359375	886.5
False	15	302.421875	859.75
False	15	304.5625	833.75
False	15	306.5625	813.25
False	15	308.671875	795.75
False	15	310.65625	777.0
False	15	312.859375	762.5
False	15	314.875	748.0
False	15	317.078125	733.25
False	15	319.15625	715.5
False	15	321.203125	713.75
False	15	323.25	707.25
False	15	325.53125	699.5
False	15	327.515625	694.25
False	15	329.546875	688.5
False	15	331.75	685.0
False	15	333.6875	681.75
False	15	335.859375	679.5
False	15	337.875	679.75
False	15	339.9375	679.75
False	15	341.9375	681.25
False	15	344.125	682.0
False	15	346.21875	685.5
False	15	348.09375	690.5
False	15	350.109375	694.75
True	15	352.078125	701.25
False	15	354.203125	709.25
False	15	356.125	718.25
False	15	358.21875	726.75
False	15	0.203125	738.75
False	15	2.265625	751.0
False	15	4.328125	765.5
False	15	6.328125	781.25
False	15	8.203125	798.25
False	15	10.25	817.0
False	15	12.34375	838.75
False	15	14.21875	862.25
False	15	16.21875	888.25
False	15	18.328125	915.25
False	15	20.234375	947.25
False	15	22.25	982.25
False	15	24.21875	1020.75
False	15	26.234375	1065.0
False	15	28.265625	1112.25
False	15	30.234375	1166.0
False	15	32.234375	1226.75
False	15	34.21875	1297.5
False	15	36.359375	1374.75
False	15	38.3125	1465.25
False	15	40.28125	1570.0
False	15	42.390625	1570.25
False	15	44.5	1506.75
False	15	46.3125	2025.5
False	15	48.3125	2132.0
False	15	50.359375	2119.5
False	15	52.4375	2161.25
False	9	54.375	2545.5
False	15	56.4375	2627.75
False	15	58.484375	2752.0
False	15	60.296875	2660.5
False	15	62.34375	2759.5
False	15	64.375	2707.25
False	15	66.40625	2684.5
False	15	68.46875	2674.5
False	15	70.46875	2704.5
False	14	72.515625	2741.25
False	15	74.546875	2741.25
False	15	76.609375	2814.0
False	15	78.640625	2747.5
False	15	80.671875	2741.25
False	15	83.0	2727.5
False	15	85.046875	2764.25
False	15	87.109375	2764.25
False	15	89.15625	2819.5
False	15	91.203125	2890.25
False	15	93.265625	2927.5
False	14	95.3125	3030.5
False	7	97.375	3091.5
False	13	99.40625	3157.5
False	15	101.5	3143.75
False	15	103.546875	3171.75
False	15	105.609375	3299.0
False	15	107.515625	3589.0
False	15	109.5625	3454.75
False	15	111.625	3321.5
False	15	113.71875	3197.75
False	15	115.765625	3095.25
False	15	117.84375	3002.25
False	15	119.890625	2904.25
False	15	121.984375	2820.0
False	15	124.046875	2745.75
False	15	126.09375	2675.75
False	15	128.15625	2625.75
False	15	130.203125	2567.0
False	0	139.703125	0.0
False	15	134.34375	2481.5
False	15	136.421875	2445.5
False	15	138.453125	2393.0
False	15	140.53125	2365.0
False	15	142.59375	2329.75
False	15	144.625	2310.0
False	15	146.703125	2292.75
False	15	148.75	2292.75
False	15	150.796875	2286.75
False	15	152.828125	2280.75
False	15	155.125	2276.25
False	15	157.203125	2271.0
False	15	159.25	2269.5
False	15	161.3125	2276.25
False	15	163.40625	2281.75
False	15	165.453125	2290.75
False	15	167.53125	2307.75
False	15	169.59375	2314.0
False	15	171.640625	2333.25
False	15	173.703125	2361.25
False	15	175.765625	2393.0
False	15	177.828125	2416.5
False	15	179.71875	2452.0
False	15	181.765625	2484.25
False	15	183.78125	2539.0
False	15	185.828125	2567.0
False	15	187.609375	5154.5
False	12	189.65625	5092.25
False	14	191.734375	4829.25
False	15	193.8125	4583.75
False	15	195.890625	4380.25
False	15	197.953125	4170.25
False	15	200.171875	2859.25
False	15	202.265625	2603.25
False	15	204.453125	2419.25
False	15	206.4375	2829.25
False	15	208.515625	2759.0
False	15	210.609375	2611.0
False	15	212.671875	2537.0
False	15	214.75	2476.75
False	15	216.828125	2416.5
False	15	218.90625	2352.25
False	15	220.96875	2366.75
False	15	223.0	2531.0
False	15	225.015625	2751.5
False	15	226.9375	2820.75
False	15	229.0	2788.25
False	15	231.03125	2751.0
False	15	233.078125	2718.5
False	15	235.171875	2691.5
False	15	237.1875	2676.25
False	15	239.28125	2668.5
False	15	241.3125	2647.5
False	15	243.375	2640.5
False	15	245.59375	2029.75
False	15	247.609375	2046.0
False	15	249.671875	2074.25
False	15	251.640625	2200.75
False	15	253.578125	2646.5
False	15	255.625	2646.0
False	15	257.671875	2653.5
False	15	259.75	2675.0
False	15	261.796875	2508.75
False	15	263.859375	2536.5
False	15	265.9375	2411.5
False	15	268.0625	2172.5
False	0	277.421875	0.0
False	15	272.296875	1758.75
False	15	274.40625	1651.75
False	15	276.6875	1530.25
False	15	278.8125	1428.25
False	15	281.0	1338.5
False	15	283.125	1263.5
False	15	285.1875	1198.5
False	15	287.34375	1140.25
False	15	289.421875	1084.5
False	15	291.625	1037.75
False	15	293.71875	992.75
False	15	295.78125	956.5
False	15	297.953125	924.0
False	15	299.90625	895.25
False	15	302.0	866.5
False	15	304.109375	841.5
False	15	306.09375	818.75
False	15	308.125	799.75
False	15	310.3125	783.0
False	15	312.421875	766.0
False	15	314.515625	752.0
False	15	316.484375	738.25
False	15	318.65625	706.0
False	15	320.65625	716.5
False	15	322.78125	709.75
False	15	324.96875	701.75
False	15	327.171875	694.75
False	15	329.203125	690.0
False	15	331.265625	686.0
False	15	333.359375	682.0
False	15	335.5	681.0
False	15	337.40625	680.25
False	15	339.53125	679.0
False	15	341.53125	680.0
False	15	343.671875	682.5
False	15	345.65625	685.25
False	15	347.8125	688.75
False	15	349.609375	694.5
True	15	351.703125	700.25
False	15	353.65625	707.75
False	15	355.734375	715.75
False	15	357.8125	724.25
False	15	359.75	735.0
False	15	1.8125	746.75
False	15	3.828125	761.25
False	15	5.828125	776.25
False	15	7.9375	792.0
False	15	9.90625	811.75
False	15	11.859375	833.0
False	15	13.890625	855.75
False	15	15.859375	880.0
False	15	17.890625	906.75
False	15	19.90625	939.25
False	15	21.828125	971.25
False	15	23.859375	1008.25
False	15	25.890625	1050.5
False	15	27.8125	1098.5
False	15	29.8125	1148.5
False	15	31.859375	1211.75
False	15	33.859375	1275.5
False	15	35.953125	1353.0
False	15	37.953125	1438.75
False	15	39.953125	1535.0
False	15	41.984375	1612.5
False	12	44.0625	1552.75
False	15	46.109375	1553.75
False	15	47.921875	2130.25
False	15	49.96875	2133.5
False	15	52.03125	2138.5
False	0	61.421875	0.0
False	15	56.015625	2661.0
False	15	58.0625	2702.25
False	15	59.875	2678.5
False	15	61.90625	2692.25
False	15	63.96875	2712.75
False	15	66.0	2669.75
False	15	68.0625	2658.25
False	15	70.09375	2703.75
False	15	72.140625	2685.5
False	15	74.15625	2776.5
False	15	76.203125	2803.75
False	15	78.21875	2763.75
False	15	80.28125	2806.75
False	15	82.5625	2774.25
False	15	84.625	2804.5
False	15	86.6875	2769.5
False	15	88.75	2808.0
False	15	90.78125	2954.5
False	12	92.859375	2899.75
False	15	94.890625	2956.5
False	14	96.953125	3003.0
False	12	98.984375	3134.25
False	14	101.046875	3156.75
False	15	103.125	3196.25
False	15	105.171875	3292.5
False	15	107.09375	3450.25
False	15	109.125	3498.5
False	15	111.21875	3359.25
False	15	113.265625	3236.25
False	15	115.34375	3120.0
False	15	117.40625	3028.5
False	15	119.46875	2943.75
False	15	121.53125	2834.75
False	15	123.59375	2782.5
False	15	125.671875	2690.5
False	15	127.75	2636.25
False	15	129.828125	2580.5
False	15	131.828125	2537.5
False	15	133.90625	2498.5
False	15	135.96875	2454.25
False	15	138.015625	2400.0
False	15	140.046875	2370.75
False	15	142.109375	2345.5
False	15	144.1875	2322.25
False	15	146.265625	2294.25
False	15	148.28125	2306.25
False	15	150.359375	2290.25
False	15	152.390625	2281.0
False	15	154.640625	2277.5
False	15	156.6875	2276.75
False	15	158.765625	2276.25
False	15	160.828125	2279.5
False	15	162.921875	2281.75
False	15	164.984375	2290.25
False	15	167.046875	2300.0
False	15	169.09375	2313.25
False	15	171.171875	2326.0
False	15	173.234375	2360.25
False	15	175.28125	2376.75
False	15	177.359375	2403.0
False	15	179.25	2434.5
False	15	181.265625	2476.75
False	15	183.328125	2518.75
False	15	185.375	2560.25
False	14	187.109375	5144.75
False	12	189.171875	5168.25
False	14	191.25	4946.25
False	15	193.3125	4644.0
False	15	195.359375	4437.0
False	15	197.4375	4223.0
False	15	199.625	2931.5
False	15	201.734375	2673.0
False	15	203.9375	2467.25
